-10.000 -4.140
-9.798 -1.390
-9.596 0.156
-9.394 -0.984
-9.192 0.904
-8.990 1.547
-8.788 1.907
-8.586 4.312
-8.384 4.222
-8.182 2.542
-7.980 2.769
-7.778 2.232
-7.576 3.442
-7.374 0.047
-7.172 1.403
-6.970 0.574
-6.768 -0.514
-6.566 -2.621
-6.364 -4.801
-6.162 -4.177
-5.960 -2.866
-5.758 -3.290
-5.556 -2.144
-5.354 -3.919
-5.152 -2.038
-4.949 -1.769
-4.747 0.471
-4.545 -0.112
-4.343 0.055
-4.141 1.111
-3.939 3.160
-3.737 4.625
-3.535 4.742
-3.333 5.386
-3.131 3.416
-2.929 0.983
-2.727 2.642
-2.525 1.141
-2.323 1.161
-2.121 -1.950
-1.919 -0.966
-1.717 -2.213
-1.515 -3.530
-1.313 -3.050
-1.111 -3.424
-0.909 -3.487
-0.707 -3.842
-0.505 -1.626
-0.303 -2.047
-0.101 -0.432
0.101 0.983
0.303 0.989
0.505 1.705
0.707 2.926
0.909 2.529
1.111 3.111
1.313 3.456
1.515 3.183
1.717 2.389
1.919 1.981
2.121 1.482
2.323 0.271
2.525 -1.274
2.727 -0.103
2.929 -0.139
3.131 -2.589
3.333 -4.853
3.535 -3.092
3.737 -3.584
3.939 -1.995
4.141 -0.434
4.343 -1.223
4.545 -1.161
4.747 0.752
4.949 0.104
5.152 1.215
5.354 0.438
5.556 2.151
5.758 3.370
5.960 4.730
6.162 4.591
6.364 4.204
6.566 2.982
6.768 -0.850
6.970 0.565
7.172 -1.784
7.374 0.258
7.576 -2.896
7.778 -3.362
7.980 -3.819
8.182 -2.725
8.384 -4.765
8.586 -2.990
8.788 -2.062
8.990 -1.611
9.192 -0.060
9.394 -0.524
9.596 -0.089
9.798 1.712
10.000 2.434
