       1.1595614     0.210341    0.0294144      8.85830
       1.1996971     0.249007    0.0268656      12.5544
       1.2412219     0.252724    0.0300022      10.6523
       1.2841840     0.304003    0.0276179      13.9156
       1.3286331     0.225078    0.0273676      10.6924
       1.3746208     0.112869    0.0215992      5.54049
       1.4222002     0.174897    0.0239870      8.12862
       1.4714264     0.194604    0.0244119      9.26855
       1.5223564     0.273235    0.0283292      12.9861
       1.5750496     0.387377    0.0374782      14.4387
       1.6295663     0.504977    0.0380358      21.3109
       1.6859701     0.478998    0.0383373      20.7904
       1.7443260     0.359761    0.0369205      16.1403
       1.8047021     0.208615    0.0257117      10.1742
       1.8671678     0.288222    0.0288706      12.9716
       1.9317957     0.247479    0.0284394      10.9236
       1.9986603     0.312063    0.0302303      14.1730
       2.0678396     0.513795    0.0440568      28.0232
       2.1394131     0.519363    0.0354874      30.0745
       2.2134641     0.444755    0.0378973      22.7230
       2.2900781     0.379842    0.0404457      12.6534
       2.3693440     0.356361    0.0601453      6.45559
