    0.0164000            -NaN
    0.0328000        Infinity
    0.0492000            -NaN
    0.0656000        Infinity
    0.0820000        Infinity
    0.0984000        Infinity
     0.114800        Infinity
     0.131200   0.00029615898
     0.147600   0.00018084978
     0.164000   9.3997473e-05
     0.180400   5.2650505e-05
     0.196800   3.9675315e-05
     0.213200   2.6934337e-05
     0.229600   2.1055864e-05
     0.246000   1.5750771e-05
     0.262400   1.0040829e-05
     0.278800   1.0180456e-05
     0.295200   9.6007605e-06
     0.311600   7.1739519e-06
     0.328000   5.2473700e-06
     0.344400   5.0034431e-06
     0.360800   4.6890205e-06
     0.377200   3.8698935e-06
     0.393600   4.2575452e-06
     0.410000   4.4252765e-06
     0.426400   3.4492622e-06
     0.442800   3.5551256e-06
     0.459200   3.5512712e-06
     0.475600   3.8486789e-06
     0.492000   3.9496543e-06
     0.508400   3.4245443e-06
     0.524800   3.1703851e-06
     0.541200   2.9222061e-06
     0.557600   2.4283856e-06
     0.574000   2.2661675e-06
     0.590400   2.0972312e-06
     0.606800   2.3844913e-06
     0.623200   2.7392717e-06
     0.639600   2.7493604e-06
     0.656000   2.5731076e-06
     0.672400   2.4547110e-06
     0.688800   2.0645039e-06
     0.705200   1.8566763e-06
     0.721600   1.8630558e-06
     0.738000   2.2275073e-06
     0.754400   2.3456673e-06
     0.770800   2.2122984e-06
     0.787200   1.6732348e-06
     0.803600   1.8850910e-06
     0.820000   1.7435768e-06
     0.836400   1.9715286e-06
     0.852800   1.8066937e-06
     0.869200   2.0749264e-06
     0.885600   2.1718557e-06
     0.902000   2.1972806e-06
     0.918400   2.1159148e-06
     0.934800   1.9748666e-06
     0.951200   1.6592998e-06
     0.967600   1.6262944e-06
     0.984000   1.6072007e-06
      1.00040   1.7613403e-06
      1.01680   1.5329171e-06
      1.03320        Infinity
      1.04960        Infinity
      1.06600        Infinity
      1.08240       -Infinity
      1.09880        Infinity
      1.11520        Infinity
      1.13160        Infinity
      1.14800        Infinity
