0.000 0.84
1.000 3.29
2.000 20.14
3.000 8.28
4.000 7.17
5.000 6.78
6.000 15.96
7.000 12.48
8.000 13.09
9.000 27.59
10.000 34.50
11.000 39.21
12.000 42.94
13.000 41.52
14.000 40.34
15.000 62.61
16.000 59.20
17.000 67.44
18.000 83.91
19.000 89.65
20.000 95.25
21.000 91.85
22.000 115.27
23.000 118.10
24.000 120.15
25.000 126.68
26.000 139.46
27.000 163.99
28.000 161.35
29.000 178.16
30.000 183.70
31.000 198.28
32.000 212.95
33.000 229.03
34.000 237.73
35.000 254.50
36.000 267.20
37.000 291.21
38.000 291.21
39.000 321.58
40.000 330.92
41.000 345.67
42.000 360.80
43.000 371.78
44.000 390.24
45.000 408.63
46.000 432.41
47.000 454.63
48.000 475.17
49.000 486.67
